123
000
222
333
444
111
222
333
444
123
555
222
333
444
555
333
222
333
444
555
333
222
333
444
555
333
222
333
444
555
333
222
333
444
555
333
333
444
555
777
888
6666
8888
999999
890
555
222
333
444
555
333
222
333
444
555
333
222
333
444
555
333
222
333
444
555
333
222
333
444
555
333
333
444
555
777
888
6666
8888
999999
890
555
222
333
444
555
333
222
333
444
555
333
222
333
444
555
333
222
333
444
555
333
222
333
444
555
333
333
444
555
777
888
6666
8888
999999
890
555
222
333
444
555
333
222
333
444
555
333
222
333
444
555
333
222
333
444
555
333
222
333
444
555
333
333
444
555
777
888
6666
8888
999999
890
555
222
333
444
555
333
222
333
444
555
333
222
333
444
555
333
222
333
444
555
333
222
333
444
555
333
333
444
555
777
888
6666
8888
999999
890